/*--------------------------------*- C++ -*----------------------------------*\
  =========                 |
  \\      /  F ield         | OpenFOAM: The Open Source CFD Toolbox
   \\    /   O peration     | Website:  https://openfoam.org
    \\  /    A nd           | Version:  8
     \\/     M anipulation  |
\*---------------------------------------------------------------------------*/
FoamFile
{
    version     2.0;
    format      ascii;
    class       cellSet;
    location    "constant/polyMesh/sets";
    object      c0;
}
// * * * * * * * * * * * * * * * * * * * * * * * * * * * * * * * * * * * * * //


576
(
14339 
14346 
14357 
4118 
16413 
4126 
16421 
14377 
12329 
12333 
16434 
12341 
2107 
8252 
12350 
14402 
4163 
2117 
12359 
8263 
8272 
12369 
2130 
6230 
8279 
12377 
4185 
2138 
8286 
12385 
6241 
2146 
14440 
2152 
4201 
6250 
8300 
4205 
10350 
14449 
6261 
10359 
8314 
12413 
6269 
10366 
16512 
4227 
14469 
10374 
6283 
2187 
4238 
10383 
16528 
8338 
10391 
16537 
6301 
4255 
8354 
10403 
6309 
10424 
4284 
8385 
14537 
12490 
6346 
14551 
6369 
10467 
4325 
10470 
12523 
12536 
8441 
4350 
2304 
6406 
2314 
14607 
2327 
4382 
2335 
6437 
4390 
2343 
16687 
2351 
8496 
8499 
2359 
2365 
6468 
4427 
12622 
4433 
12628 
4441 
10586 
12637 
2398 
4449 
12646 
4456 
2410 
4459 
2416 
12657 
16759 
14711 
4472 
4475 
16764 
6524 
12671 
14724 
16772 
4488 
8588 
12687 
10639 
8601 
6561 
6562 
14758 
12711 
8615 
16811 
10667 
6574 
8622 
10670 
10680 
12738 
8642 
10694 
6600 
10701 
8661 
10710 
2524 
10719 
12768 
6629 
4582 
2534 
8687 
4593 
10739 
2547 
10744 
2555 
4603 
6654 
4611 
2563 
8712 
2571 
12812 
4626 
2580 
12822 
14872 
4634 
14876 
2588 
6686 
12837 
14885 
14887 
2600 
10795 
4654 
2606 
6711 
4665 
14910 
14912 
4673 
8770 
8775 
2638 
12887 
16984 
2649 
6752 
2665 
2671 
4721 
2678 
10872 
6777 
4729 
8844 
14996 
10909 
4766 
12959 
15012 
6835 
4789 
6840 
10943 
13011 
2776 
8921 
4826 
15067 
13020 
10973 
2786 
17127 
15087 
2799 
4853 
2807 
6905 
2815 
4866 
15109 
2823 
11019 
15116 
4879 
2832 
13073 
15128 
2840 
6941 
4895 
6946 
13090 
8997 
6949 
9000 
2858 
4910 
9007 
15153 
9010 
6962 
2866 
6965 
17205 
2878 
9024 
2882 
2888 
4939 
13133 
15183 
6991 
11088 
9041 
17234 
6994 
11091 
9044 
11098 
11102 
2919 
7019 
2930 
4980 
11127 
9082 
7036 
7039 
15235 
2947 
9099 
5005 
15255 
2970 
2976 
15269 
7077 
2984 
5037 
2990 
11189 
7094 
11192 
9146 
13242 
13246 
5062 
13255 
13264 
15313 
13275 
13290 
5103 
5111 
9207 
15359 
13312 
3079 
3090 
3103 
5153 
3111 
5161 
7215 
3119 
5169 
3127 
5176 
13370 
7226 
5179 
3136 
7235 
13383 
5192 
3144 
7242 
5195 
7251 
3162 
7259 
9313 
3170 
5221 
11366 
5224 
7273 
9322 
15467 
11373 
9329 
11381 
3190 
9337 
15484 
5245 
11390 
9345 
3201 
11399 
7305 
3209 
9355 
11407 
9366 
11417 
3228 
3234 
13476 
11429 
9390 
7342 
3264 
11461 
13511 
3275 
7373 
13518 
13527 
9432 
3292 
5342 
13538 
5353 
15596 
7404 
15599 
15601 
13558 
5368 
3321 
15616 
5376 
3329 
15618 
5390 
11535 
9487 
13585 
9490 
5398 
3351 
3357 
5406 
13602 
7460 
3365 
15657 
3373 
3380 
13629 
11588 
13639 
5454 
13654 
5462 
7515 
7518 
15721 
11625 
11633 
5499 
13699 
9606 
3467 
7565 
5522 
15770 
3482 
7579 
3490 
11683 
9636 
11690 
3498 
7598 
9649 
3506 
11699 
5559 
3515 
11708 
9663 
7617 
15811 
3523 
9670 
11718 
15817 
13775 
9679 
15825 
3541 
11734 
7638 
5590 
3549 
9695 
15850 
7663 
3569 
9714 
5621 
3580 
11774 
3588 
15878 
13833 
11799 
7704 
9753 
5658 
9758 
5671 
7729 
3636 
5692 
11836 
3644 
13885 
15938 
1607 
13900 
3660 
15952 
5714 
3666 
13917 
11870 
9827 
7787 
3693 
7792 
13943 
3704 
5755 
15995 
11900 
3721 
5780 
16021 
3750 
11946 
13997 
9904 
5812 
11956 
7861 
11971 
5837 
3791 
9941 
3799 
1764 
1774 
12020 
5878 
9975 
3832 
3838 
3846 
14087 
14091 
7948 
3854 
7951 
5903 
14100 
7957 
3861 
7960 
3864 
14110 
14112 
3872 
7982 
7985 
12082 
14132 
12090 
10049 
10052 
5960 
10057 
8010 
10061 
14159 
10064 
12122 
8027 
12125 
8030 
10085 
16239 
6000 
16244 
16246 
10102 
6007 
3961 
6014 
6017 
8068 
3972 
16265 
1929 
3980 
6030 
6033 
1939 
3988 
8085 
3997 
1952 
10148 
4005 
1958 
6059 
12204 
6062 
16303 
14259 
4023 
4031 
8132 
6087 
4051 
6104 
6107 
4062 
10214 
4070 
10217 
14317 
)

// ************************************************************************* //
