/*--------------------------------*- C++ -*----------------------------------*\
  =========                 |
  \\      /  F ield         | OpenFOAM: The Open Source CFD Toolbox
   \\    /   O peration     | Website:  https://openfoam.org
    \\  /    A nd           | Version:  8
     \\/     M anipulation  |
\*---------------------------------------------------------------------------*/
FoamFile
{
    version     2.0;
    format      ascii;
    class       cellSet;
    location    "constant/polyMesh/sets";
    object      c1;
}
// * * * * * * * * * * * * * * * * * * * * * * * * * * * * * * * * * * * * * //


1100
(
4099 
4103 
4114 
4116 
16434 
4147 
16438 
4151 
16442 
4155 
16446 
4159 
16450 
4163 
16454 
4167 
4171 
16460 
16462 
4175 
16465 
16469 
16473 
16477 
4197 
4199 
4201 
4203 
12401 
12410 
8317 
8322 
12419 
8329 
12428 
8336 
12436 
16537 
16538 
12446 
12452 
16550 
16559 
12464 
8369 
16563 
8373 
12471 
8377 
12474 
16571 
8381 
12478 
8385 
12482 
8389 
16581 
12486 
8393 
12490 
8397 
12494 
16593 
12498 
12502 
4313 
4317 
12523 
8431 
8435 
12532 
12536 
8441 
16634 
12540 
8445 
4350 
12544 
8449 
4354 
12548 
8453 
4358 
4362 
4370 
4374 
12584 
8489 
16683 
8493 
16687 
8499 
16691 
4403 
8503 
16695 
4408 
16699 
4414 
12607 
4420 
8545 
8549 
8553 
8557 
8561 
8565 
16772 
8584 
16776 
8586 
8588 
8590 
16783 
16787 
16791 
4505 
16797 
12711 
16811 
12719 
16816 
12722 
12726 
12743 
12748 
8661 
16853 
8666 
8671 
12768 
12772 
8677 
12776 
16876 
12780 
16878 
12784 
16881 
12788 
16885 
12792 
16889 
12796 
8712 
8716 
8720 
12820 
8724 
8728 
12827 
8732 
8736 
16928 
8740 
12837 
12841 
12845 
16942 
12849 
4660 
12853 
4662 
12857 
16954 
8775 
8779 
8783 
8787 
4694 
8791 
16984 
4698 
8795 
4702 
8799 
16992 
12897 
4706 
8803 
12906 
4717 
4719 
12917 
12921 
17020 
4750 
4754 
8851 
4758 
8855 
4762 
8859 
4766 
8863 
17056 
4770 
4774 
17062 
12969 
4778 
8903 
4810 
8907 
4814 
4818 
13012 
4822 
4826 
4830 
4834 
4838 
17127 
13031 
13043 
8954 
4862 
8958 
4864 
4866 
13058 
8964 
4868 
17161 
13069 
17168 
13073 
13081 
17205 
13111 
17209 
13115 
9020 
17212 
13119 
9024 
13123 
9032 
13129 
13133 
13137 
17234 
13145 
13149 
17248 
13153 
17252 
9060 
17253 
13157 
4968 
9064 
13161 
4972 
9068 
13167 
9072 
13171 
9078 
9082 
9090 
5005 
5009 
5013 
9112 
5017 
9116 
9120 
5025 
9124 
5029 
9134 
9142 
9146 
9154 
5062 
5066 
5070 
9166 
5074 
9170 
17363 
5078 
9174 
17367 
5082 
9178 
5086 
5090 
9197 
17393 
17395 
9204 
9207 
13306 
9213 
9216 
9220 
5124 
13318 
17415 
5129 
13327 
5135 
9237 
5141 
13335 
13345 
13351 
13357 
13361 
13370 
13379 
13383 
13387 
13391 
13395 
5212 
13424 
5241 
13434 
5261 
5265 
5269 
9369 
13468 
9374 
13472 
13476 
9381 
13480 
9388 
13489 
13491 
13493 
9416 
9422 
9426 
9432 
9436 
9440 
9444 
13573 
9480 
9484 
9490 
5396 
9494 
13590 
13602 
13611 
13615 
5427 
5431 
5435 
5439 
9536 
9540 
13637 
9544 
5450 
9548 
5452 
13644 
9552 
9556 
13654 
13658 
13662 
13666 
13670 
13674 
5483 
5487 
5491 
9590 
5495 
9594 
5499 
9598 
5503 
9602 
5507 
9606 
5511 
9610 
13709 
9614 
9618 
13718 
9630 
9632 
13729 
9634 
9636 
13733 
9638 
5543 
5547 
5551 
5555 
5559 
5563 
5567 
5571 
13786 
13796 
5605 
5609 
5613 
5617 
9714 
5621 
9719 
5625 
9724 
5629 
5633 
13826 
9731 
5655 
5658 
5660 
9758 
9762 
9766 
9770 
9774 
13872 
9778 
13877 
9782 
9786 
13886 
13896 
13900 
13908 
9834 
13933 
9838 
5743 
9842 
5747 
13939 
9846 
13943 
13949 
13956 
13963 
13967 
13971 
5780 
13975 
5784 
13979 
5788 
9886 
5792 
9890 
13989 
5800 
5804 
13997 
14001 
14005 
14009 
5837 
5841 
9941 
5845 
5849 
9945 
5853 
9949 
5857 
9953 
5861 
5865 
9961 
9965 
9983 
5903 
10000 
5907 
10004 
5911 
10008 
5915 
10012 
5919 
5923 
5927 
5931 
14151 
5967 
14164 
5972 
5978 
10075 
14175 
5984 
10081 
10085 
14185 
10093 
14191 
14195 
14199 
14203 
14209 
10115 
10119 
14219 
10123 
10127 
14228 
10136 
10144 
6050 
10148 
10156 
14255 
14259 
14263 
10168 
14267 
10172 
14271 
6079 
10176 
6083 
10180 
6087 
14287 
6095 
14291 
14295 
10202 
14299 
14303 
10210 
14307 
10214 
14311 
14315 
6123 
14317 
10221 
6127 
14319 
10224 
6131 
10228 
6146 
6150 
6154 
10253 
6158 
10263 
10282 
14402 
14406 
14422 
14426 
14430 
14448 
14453 
6286 
14479 
6291 
14488 
6300 
14499 
10406 
14503 
10415 
10422 
6330 
6334 
6338 
6342 
6346 
10444 
6350 
6354 
10453 
14549 
6358 
10464 
14560 
10470 
10474 
6390 
6394 
6398 
6402 
14596 
6406 
14600 
6410 
6414 
6418 
10516 
10520 
10524 
10528 
10532 
14628 
10536 
14643 
6452 
14647 
6456 
6460 
14653 
6464 
6468 
6472 
10570 
6476 
10574 
6480 
10578 
10582 
10586 
10590 
10594 
14691 
10598 
14701 
14704 
6514 
10614 
6518 
14715 
10620 
6524 
10623 
6528 
14720 
10627 
6532 
14724 
10631 
6536 
14730 
10635 
10639 
14737 
10643 
10647 
10651 
14750 
6559 
6562 
14758 
14762 
10667 
10670 
14766 
10672 
14770 
14774 
6620 
10744 
10749 
6654 
6658 
10754 
6662 
10761 
6666 
6674 
6678 
10787 
10802 
10806 
6711 
10810 
6715 
10814 
6719 
6723 
6727 
6731 
6735 
6739 
14936 
14940 
10854 
10858 
14957 
14961 
14965 
6777 
6781 
14975 
6785 
14980 
6789 
14984 
6793 
14988 
6797 
14992 
6801 
14996 
6805 
15002 
10909 
10913 
15012 
10917 
10921 
15018 
15022 
10929 
10933 
6840 
15035 
6844 
15039 
6848 
15043 
10948 
6852 
15047 
6856 
10953 
6860 
15053 
6864 
15059 
6868 
15063 
15067 
10973 
15071 
10977 
15075 
10981 
15079 
10985 
10989 
15087 
10993 
10997 
11001 
6915 
6921 
11029 
11038 
11042 
11046 
15153 
15157 
2880 
6982 
15183 
15187 
15191 
15195 
15199 
15203 
7011 
7015 
7019 
11115 
15211 
15215 
11123 
15219 
7027 
11127 
15223 
11135 
11147 
11151 
7055 
11155 
7059 
11159 
7063 
7067 
7073 
15267 
7077 
11177 
7085 
15278 
11185 
11189 
11196 
11199 
7107 
11203 
7111 
15306 
7115 
7119 
11225 
7130 
7134 
7138 
15330 
11237 
7142 
15343 
11251 
15359 
15363 
11270 
15367 
15371 
15379 
15383 
11288 
11292 
11296 
15399 
15400 
15413 
15417 
15463 
7276 
15468 
7281 
15478 
7288 
3196 
15484 
3198 
7295 
15488 
3221 
3223 
3227 
7326 
11424 
7330 
7334 
7338 
15530 
7342 
7346 
7350 
11449 
7354 
11458 
11467 
11476 
11484 
7388 
7392 
7396 
7400 
7404 
7408 
7412 
7416 
11519 
11523 
11527 
11531 
3343 
11535 
11539 
11543 
7450 
15642 
11547 
7454 
15646 
15650 
7460 
7464 
11562 
7468 
7472 
11569 
11572 
11576 
11580 
15677 
11584 
15681 
11588 
15685 
11592 
15689 
11596 
15693 
11600 
15698 
7508 
15702 
7512 
15706 
7518 
15710 
7522 
15718 
15721 
11625 
11629 
15727 
11633 
11637 
11641 
11645 
7550 
15743 
7552 
7554 
15749 
15753 
15757 
15770 
15774 
7617 
7622 
7628 
11741 
11748 
15850 
15854 
7663 
15858 
7667 
15862 
3575 
7671 
3577 
15866 
7675 
11774 
7679 
7683 
15878 
11782 
7687 
11785 
15882 
7691 
15886 
15890 
15894 
3609 
15898 
3613 
15902 
3617 
15906 
3621 
15913 
15916 
3632 
15920 
7729 
3634 
7733 
7737 
11836 
7741 
11840 
7745 
11844 
7749 
3656 
11848 
7753 
3658 
3660 
7757 
3662 
11856 
11860 
15969 
11875 
11880 
15981 
7792 
7796 
7800 
15995 
11900 
7804 
15999 
11904 
7808 
11908 
7812 
16005 
11912 
7816 
7820 
11916 
11920 
11924 
16021 
16022 
11928 
16035 
16036 
16049 
11954 
16053 
11961 
16057 
7868 
16061 
7872 
3779 
11971 
7876 
3783 
11975 
7880 
11979 
11983 
16081 
11987 
11991 
3812 
3817 
7914 
3824 
12030 
16135 
12040 
16156 
7973 
16168 
16172 
16176 
8002 
8006 
8010 
12110 
8018 
12118 
12122 
12129 
12132 
12136 
8046 
8050 
8054 
12150 
8058 
8064 
16258 
12162 
8068 
8076 
12177 
16285 
16289 
8098 
12196 
16293 
8102 
12200 
16297 
8106 
12204 
8110 
16303 
16307 
12212 
8120 
16313 
16317 
8128 
16321 
8132 
16325 
16329 
8140 
16333 
12237 
12241 
12245 
8151 
12249 
4057 
16346 
8155 
4059 
12253 
8159 
12257 
8163 
12261 
8174 
8177 
16371 
8181 
4091 
4095 
)

// ************************************************************************* //
